36
36
36
42
42
42
42
42
42
42
42
42
42
42
42
42
42
42
42
48
48
48
48
48
48
49
49
49
49
49
49
49
49
54
54
54
54
54
54
54
54
54
54
54
54
56
56
56
56
56
56
56
56
56
56
56
56
56
56
56
56
56
56
56
56
56
56
56
56
56
56
56
56
56
56
60
60
63
63
63
63
63
63
63
63
63
63
63
63
63
63
63
63
63
63
63
63
63
64
64
64
64
64
64
64
64
64
64
64
64
64
66
66
66
70
70
70
70
70
70
70
70
70
70
70
72
72
72
72
72
72
72
72
72
72
72
72
72
72
72
72
72
72
72
72
72
72
72
72
72
72
72
72
72
72
72
72
72
72
72
77
77
77
77
77
77
77
77
77
77
77
77
77
78
80
80
80
80
80
80
80
80
80
80
80
80
80
80
80
80
80
80
80
80
80
80
80
80
80
80
80
80
80
80
80
80
80
80
80
80
80
80
81
81
81
81
81
81
81
81
81
81
81
81
81
81
81
81
81
81
81
81
81
81
81
81
81
81
81
81
81
84
84
84
84
84
84
84
84
84
84
84
88
88
88
88
88
88
88
88
88
88
88
88
88
88
88
88
88
88
88
88
88
90
90
90
90
90
90
90
90
90
90
90
90
90
90
90
90
90
90
90
90
90
90
90
90
90
90
90
90
90
90
90
90
90
90
90
90
90
91
96
96
96
96
96
96
96
96
96
96
96
96
96
96
96
96
98
98
99
99
99
99
99
99
99
99
99
99
99
99
99
99
99
99
99
99
99
99
99
99
99
99
99
99
99
99
99
99
99
99
99
99
99
99
99
99
99
99
99
99
99
99
100
100
100
100
100
100
100
100
100
100
100
100
100
100
100
100
102
102
104
104
104
104
104
104
104
104
104
104
104
105
105
105
108
108
108
108
108
108
108
108
108
108
108
108
108
108
108
108
108
108
108
108
108
108
108
108
108
108
108
108
108
108
108
108
108
108
110
110
110
110
110
110
110
110
110
110
110
110
110
110
110
110
110
110
110
110
110
110
110
110
110
110
110
110
110
110
110
110
110
110
110
110
110
110
110
110
110
110
110
110
110
110
112
112
112
112
112
112
112
112
112
112
112
117
117
117
117
117
117
117
117
117
117
119
120
120
120
120
120
120
120
120
120
120
120
120
120
120
120
120
120
120
120
120
120
120
120
120
120
120
120
120
120
120
120
120
120
120
120
120
120
120
120
120
120
120
120
120
120
120
120
120
120
120
120
120
120
120
120
120
121
121
121
121
121
121
121
121
121
121
121
121
121
121
121
121
121
121
121
121
121
126
126
126
126
126
126
126
126
126
126
126
126
126
126
126
126
126
126
128
128
128
128
128
128
128
128
130
130
130
130
130
130
130
130
130
130
130
130
130
130
130
130
130
130
130
130
130
130
130
130
130
130
132
132
132
132
132
132
132
132
132
132
132
132
132
132
132
132
132
132
132
132
132
132
132
132
132
132
132
132
132
132
132
132
132
132
132
132
132
132
132
132
132
132
132
132
132
132
132
132
132
132
132
132
132
132
132
132
132
132
132
132
133
135
135
135
135
135
135
135
135
135
135
135
136
140
140
140
140
140
140
140
140
140
140
140
140
140
140
140
140
140
140
140
140
140
143
143
143
143
143
143
143
143
143
143
143
143
143
143
143
143
143
143
143
143
143
143
143
143
143
143
143
143
143
143
143
143
143
143
143
143
143
144
144
144
144
144
144
144
144
144
144
144
144
144
144
144
144
144
144
144
144
144
144
144
144
144
144
144
144
144
144
144
144
144
144
144
150
150
150
150
150
150
150
150
150
150
150
150
150
150
150
150
150
150
150
152
152
153
153
153
153
153
153
154
154
154
154
154
154
154
154
154
154
154
154
154
154
154
154
154
154
154
154
154
156
156
156
156
156
156
156
156
156
156
156
156
156
156
156
156
156
156
156
156
156
156
156
156
156
156
156
156
156
156
156
156
156
160
160
160
160
160
160
160
160
160
160
162
162
162
162
165
165
165
165
165
165
165
165
165
165
165
165
168
168
168
168
168
168
168
168
168
168
168
168
168
168
168
168
168
168
168
168
168
168
169
169
169
169
169
169
169
169
169
169
169
169
169
170
170
170
170
170
170
170
171
171
171
171
171
176
176
176
176
176
176
176
176
176
176
176
176
176
176
176
176
176
176
176
176
176
180
180
180
180
180
180
180
180
180
180
180
180
180
180
180
180
180
180
180
180
180
182
182
182
182
182
182
182
182
182
182
182
182
182
182
182
182
182
182
182
182
182
182
182
182
182
186
187
187
187
187
187
187
187
187
187
187
187
187
187
187
189
190
190
190
190
190
192
192
192
192
192
192
192
192
192
192
192
192
192
192
192
192
195
195
195
195
195
195
195
195
195
195
195
195
195
195
195
196
196
196
196
196
196
196
196
196
196
196
196
198
198
198
198
198
198
198
198
198
200
200
200
200
200
200
204
204
204
204
204
204
204
204
204
204
208
208
208
208
208
208
208
208
208
208
208
208
208
208
208
208
208
208
208
208
208
208
209
209
209
209
209
210
210
210
210
210
210
210
210
210
210
210
210
210
210
210
210
210
210
210
210
210
210
210
210
210
216
216
216
216
216
216
216
216
216
216
216
220
220
220
220
220
220
220
220
220
220
220
220
220
220
221
221
221
221
221
221
221
221
221
221
224
224
224
224
224
224
224
224
224
224
224
224
225
225
225
225
225
225
225
225
225
225
228
228
228
228
228
228
228
228
228
231
231
231
231
234
234
234
234
234
238
238
238
238
238
238
238
238
238
238
238
238
238
238
238
238
240
240
240
240
240
240
240
240
240
240
240
240
240
240
240
240
240
240
240
240
240
240
240
240
240
240
240
242
242
242
242
247
247
247
247
247
247
248
250
252
252
252
252
252
252
252
252
252
252
252
252
252
252
252
252
253
253
253
255
255
255
255
256
256
256
256
256
256
256
256
260
260
260
260
260
260
260
260
260
264
264
266
266
266
266
266
266
266
266
266
266
266
266
270
270
270
270
270
270
270
270
270
270
270
270
270
270
272
272
272
272
272
272
272
272
272
272
272
272
272
272
272
272
273
273
273
273
273
280
280
280
280
280
280
280
280
285
285
285
286
286
286
286
286
288
288
288
288
288
288
288
288
289
289
294
296
296
296
296
300
300
300
300
300
300
300
300
300
300
300
300
300
304
304
304
304
304
304
304
304
304
304
306
306
306
306
306
306
306
306
306
306
306
306
308
308
312
312
312
312
312
312
312
315
315
319
320
320
320
320
320
320
320
320
322
322
323
323
323
323
323
324
324
324
324
324
324
324
330
330
330
330
330
330
336
336
336
336
338
338
340
340
340
340
340
340
340
341
341
342
342
342
342
342
342
342
342
342
342
345
345
348
350
350
350
350
351
351
352
352
352
352
352
354
357
357
357
357
357
360
360
360
360
360
360
360
360
360
360
360
360
361
361
361
361
361
361
361
361
361
364
364
364
364
364
368
368
372
374
375
377
377
377
377
377
378
378
378
378
378
378
378
378
380
380
380
380
384
384
384
390
391
391
391
391
392
392
396
396
396
396
399
399
399
399
399
399
400
400
400
400
400
400
400
403
405
406
406
406
406
406
408
408
408
408
414
414
416
416
416
418
418
418
418
418
420
420
420
420
420
420
420
425
425
425
425
432
432
432
432
432
432
434
434
435
435
435
437
437
440
440
440
440
440
440
440
440
440
440
440
440
440
441
441
441
441
441
441
448
448
450
450
450
450
450
450
456
456
459
460
460
460
460
460
462
462
462
462
462
462
462
462
462
462
462
464
464
464
464
465
465
470
475
475
475
476
480
480
480
480
480
480
480
480
480
480
483
483
483
483
483
483
483
483
486
492
493
495
496
500
500
504
504
504
504
504
504
506
506
506
506
506
506
506
510
512
516
520
520
520
520
520
522
522
522
522
525
525
525
525
525
525
527
527
527
527
527
527
528
528
528
528
528
529
529
532
532
532
532
540
540
540
540
540
540
544
546
546
546
546
546
546
550
550
552
552
552
555
558
558
560
561
561
561
561
561
561
561
567
567
567
567
570
572
572
572
572
575
575
576
576
576
576
576
576
576
585
588
588
589
592
592
594
598
598
598
600
600
600
600
608
608
608
609
609
609
612
620
620
621
624
624
624
625
629
630
630
640
640
640
644
646
648
648
650
650
650
650
651
660
660
667
667
667
671
672
672
672
672
672
672
676
676
680
680
680
680
680
680
682
682
688
690
697
700
700
700
700
708
713
713
713
714
720
725
725
726
728
729
731
735
736
736
741
748
750
754
754
756
756
756
759
759
760
760
760
765
777
777
780
780
780
780
782
782
784
790
792
792
792
792
792
792
800
800
806
825
825
837
840
840
840
840
840
840
841
848
850
850
850
850
858
858
860
860
864
864
868
870
870
870
870
882
882
888
891
896
897
899
899
899
899
899
900
900
902
912
918
920
924
924
924
924
925
925
925
928
928
928
928
928
935
935
936
936
936
940
943
952
954
957
969
975
975
984
988
989
990
992
999
999
1000
1003
1008
1008
1008
1020
1020
1023
1023
1026
1026
1034
1034
1034
1034
1035
1035
1036
1040
1050
1053
1056
1056
1066
1066
1080
1080
1081
1088
1088
1088
1092
1102
1102
1107
1116
1118
1120
1122
1127
1128
1128
1134
1134
1134
1134
1134
1134
1140
1140
1140
1144
1147
1148
1148
1152
1155
1155
1159
1170
1184
1188
1188
1188
1196
1209
1209
1209
1221
1222
1232
1240
1248
1248
1258
1260
1271
1275
1278
1280
1280
1280
1280
1280
1290
1290
1292
1292
1296
1296
1296
1298
1302
1305
1312
1316
1316
1320
1320
1320
1320
1320
1320
1325
1325
1325
1325
1325
1326
1326
1326
1330
1332
1332
1332
1332
1332
1332
1333
1334
1343
1344
1344
1350
1353
1353
1363
1365
1372
1376
1376
1376
1378
1378
1378
1380
1386
1386
1386
1386
1394
1400
1400
1400
1403
1404
1419
1420
1420
1421
1428
1428
1430
1430
1430
1430
1430
1431
1440
1440
1440
1440
1440
1449
1450
1450
1450
1450
1452
1452
1457
1458
1474
1476
1479
1480
1480
1485
1488
1488
1491
1491
1505
1512
1512
1512
1512
1517
1518
1518
1518
1518
1518
1536
1536
1536
1536
1539
1540
1550
1550
1554
1560
1566
1584
1584
1586
1586
1590
1595
1595
1610
1610
1612
1612
1612
1612
1620
1620
1620
1628
1632
1632
1632
1632
1632
1638
1645
1650
1650
1653
1666
1666
1672
1682
1683
1692
1700
1700
1700
1700
1702
1715
1716
1728
1736
1740
1740
1749
1755
1760
1764
1764
1764
1768
1775
1775
1785
1786
1794
1798
1802
1845
1845
1848
1848
1848
1856
1860
1872
1886
1890
1890
1891
1892
1892
1892
1892
1920
1927
1927
1950
1950
1953
1968
1972
1972
1972
1976
1980
2000
2000
2013
2016
2016
2016
2016
2016
2021
2025
2040
2044
2064
2064
2088
2088
2091
2100
2107
2107
2107
2115
2115
2115
2115
2130
2142
2145
2150
2160
2160
2162
2173
2173
2184
2193
2200
2208
2208
2240
2240
2250
2250
2250
2268
2268
2280
2288
2294
2294
2294
2296
2300
2300
2340
2350
2350
2401
2405
2412
2412
2414
2414
2420
2420
2420
2460
2484
2484
2494
2496
2496
2496
2496
2508
2537
2537
2550
2562
2576
2576
2583
2584
2597
2601
2627
2627
2655
2656
2668
2688
2691
2744
2745
2750
2784
2784
2784
2784
2793
2800
2805
2808
2809
2835
2850
2880
2889
2900
2904
2907
2925
2926
2950
2970
2970
2970
2989
2992
2992
2993
3002
3024
3038
3040
3066
3081
3105
3135
3136
3150
3154
3154
3154
3154
3168
3168
3172
3182
3182
3195
3200
3200
3213
3220
3245
3250
3264
3266
3330
3330
3330
3330
3339
3348
3350
3350
3350
3350
3402
3402
3456
3456
3468
3478
3484
3504
3504
3510
3538
3538
3538
3538
3575
3575
3591
3618
3645
3658
3675
3700
3712
3717
3738
3738
3738
3738
3816
3828
3828
3828
3848
3869
3870
3900
3906
3927
3960
3960
4081
4081
4081
4081
4104
4104
4140
4248
4270
4293
4408
4420
4420
4425
4452
4489
4510
4662
4692
4836
4845
4920
4984
4998
5103
5325
5358
5368
5544
