187
198
204
204
217
231
234
238
242
250
250
250
252
255
258
264
264
264
264
264
272
273
279
285
285
288
297
300
300
306
308
308
312
312
312
312
312
312
320
323
336
336
336
336
336
338
345
345
350
357
360
360
360
360
361
369
374
378
380
390
390
391
391
396
399
403
405
405
414
414
418
418
420
420
420
420
420
425
429
430
432
432
450
459
459
462
465
465
465
465
470
470
473
490
490
490
493
494
494
495
495
495
495
504
504
506
510
510
510
510
512
512
516
517
520
525
528
528
531
531
532
539
539
540
550
550
552
552
552
560
560
564
570
570
575
576
583
583
583
583
583
583
583
583
583
583
585
585
585
589
589
594
595
595
600
600
600
612
616
620
621
621
621
621
621
621
624
624
625
630
630
640
646
646
648
650
650
650
650
650
650
650
650
660
660
660
660
660
660
666
672
672
672
672
672
672
672
675
676
682
682
684
696
696
696
697
697
714
714
714
714
714
715
715
720
720
720
720
720
720
731
732
736
736
742
748
748
748
748
756
756
756
756
756
756
760
770
780
780
780
780
783
784
784
792
795
798
798
800
800
805
806
812
812
814
814
819
819
819
820
820
825
828
836
836
840
848
848
850
850
850
850
855
864
864
864
868
868
868
868
868
868
869
880
885
891
901
901
902
910
912
912
912
912
912
912
915
918
918
924
924
928
928
928
928
936
936
936
938
938
944
945
945
945
952
960
960
960
960
966
968
969
975
975
975
975
975
975
980
984
984
984
984
987
988
988
988
990
999
999
1000
1000
1001
1007
1007
1008
1008
1008
1008
1008
1008
1012
1012
1020
1020
1024
1024
1024
1024
1024
1026
1026
1026
1029
1036
1036
1040
1050
1050
1050
1056
1056
1060
1064
1064
1064
1064
1064
1064
1064
1065
1066
1071
1078
1080
1080
1080
1080
1080
1080
1080
1081
1085
1085
1092
1095
1098
1098
1098
1100
1100
1102
1102
1102
1102
1104
1104
1104
1105
1105
1105
1106
1107
1110
1110
1110
1118
1120
1120
1120
1122
1122
1122
1125
1125
1125
1125
1125
1125
1134
1136
1136
1139
1139
1140
1140
1140
1140
1144
1144
1144
1150
1150
1150
1152
1152
1152
1152
1152
1152
1155
1155
1160
1170
1170
1173
1173
1173
1173
1175
1176
1176
1176
1178
1185
1185
1188
1188
1188
1188
1188
1189
1190
1197
1197
1200
1206
1206
1216
1216
1216
1218
1218
1218
1220
1221
1221
1222
1222
1224
1224
1232
1232
1232
1235
1240
1241
1241
1248
1254
1254
1260
1260
1260
1275
1278
1278
1288
1290
1290
1300
1300
1300
1302
1305
1305
1309
1311
1311
1311
1311
1312
1312
1316
1316
1316
1320
1320
1323
1328
1334
1334
1340
1340
1344
1344
1344
1344
1344
1357
1360
1360
1360
1360
1360
1364
1364
1364
1364
1368
1368
1372
1375
1375
1375
1375
1377
1378
1378
1378
1378
1380
1386
1392
1394
1404
1404
1406
1406
1407
1407
1408
1408
1408
1408
1410
1410
1410
1416
1420
1424
1426
1428
1428
1430
1440
1440
1443
1444
1444
1444
1444
1444
1445
1449
1450
1452
1452
1456
1457
1458
1460
1460
1460
1460
1463
1463
1463
1463
1463
1470
1470
1470
1472
1474
1476
1476
1476
1476
1476
1479
1479
1480
1480
1482
1482
1482
1484
1488
1496
1496
1496
1496
1496
1501
1501
1504
1508
1512
1512
1512
1512
1515
1515
1518
1518
1518
1520
1520
1539
1539
1539
1540
1540
1547
1547
1548
1548
1554
1554
1560
1560
1560
1560
1562
1562
1564
1564
1564
1564
1568
1568
1575
1575
1575
1575
1577
1584
1587
1587
1591
1596
1599
1600
1600
1610
1612
1612
1612
1612
1616
1620
1620
1620
1624
1632
1638
1638
1640
1650
1652
1653
1653
1660
1665
1665
1666
1666
1672
1674
1674
1683
1683
1683
1683
1700
1700
1700
1701
1702
1702
1711
1711
1711
1716
1716
1716
1720
1728
1729
1729
1734
1736
1736
1736
1738
1738
1740
1740
1740
1740
1740
1740
1740
1742
1746
1746
1748
1748
1749
1749
1749
1749
1750
1755
1755
1760
1760
1769
1776
1776
1782
1782
1785
1800
1800
1800
1805
1806
1809
1819
1820
1820
1820
1824
1824
1829
1829
1836
1845
1848
1848
1848
1850
1850
1853
1860
1860
1860
1860
1860
1862
1862
1862
1870
1870
1870
1870
1872
1872
1872
1872
1872
1876
1880
1881
1888
1888
1898
1898
1900
1900
1904
1904
1917
1917
1920
1932
1936
1940
1940
1944
1944
1944
1950
1950
1953
1953
1953
1958
1960
1960
1961
1968
1968
1975
1978
1980
1980
1980
1998
2000
2001
2001
2010
2014
2014
2015
2016
2016
2021
2021
2021
2024
2024
2024
2024
2028
2030
2037
2037
2040
2040
2048
2048
2048
2052
2052
2052
2052
2058
2058
2068
2068
2074
2079
2079
2079
2088
2091
2091
2109
2109
2112
2112
2112
2112
2112
2112
2112
2116
2116
2120
2128
2134
2139
2139
2139
2142
2142
2160
2160
2160
2162
2166
2166
2175
2176
2178
2180
2184
2184
2184
2184
2200
2204
2204
2204
2205
2205
2205
2208
2208
2209
2232
2240
2241
2244
2250
2262
2263
2263
2266
2280
2280
2295
2295
2300
2301
2310
2310
2310
2310
2310
2320
2332
2343
2349
2352
2352
2360
2365
2365
2365
2368
2376
2376
2376
2376
2379
2380
2385
2385
2392
2392
2392
2400
2400
2400
2400
2400
2405
2408
2409
2412
2412
2412
2412
2412
2412
2420
2420
2430
2432
2436
2438
2450
2450
2450
2450
2451
2460
2460
2460
2464
2470
2480
2494
2494
2496
2499
2499
2500
2500
2501
2511
2511
2511
2516
2520
2520
2520
2520
2520
2523
2538
2538
2546
2546
2546
2546
2550
2556
2560
2565
2574
2574
2584
2584
2585
2590
2590
2592
2596
2600
2604
2604
2613
2622
2622
2625
2625
2632
2640
2646
2646
2652
2652
2655
2655
2655
2655
2660
2662
2664
2666
2668
2670
2684
2695
2695
2697
2697
2698
2700
2720
2728
2728
2730
2736
2736
2737
2737
2744
2745
2747
2750
2750
2750
2752
2754
2756
2756
2756
2756
2756
2756
2769
2769
2784
2784
2800
2800
2806
2806
2806
2806
2808
2814
2820
2820
2828
2832
2835
2847
2852
2852
2856
2867
2886
2888
2898
2898
2914
2923
2925
2928
2940
2944
2944
2964
2970
2970
2992
2992
2992
3000
3000
3007
3016
3024
3024
3024
3030
3042
3055
3055
3060
3060
3087
3096
3096
3100
3100
3104
3111
3127
3128
3136
3136
3136
3150
3150
3159
3159
3168
3168
3186
3186
3190
3190
3195
3198
3198
3200
3200
3200
3212
3216
3219
3219
3233
3234
3240
3240
3240
3240
3250
3256
3264
3268
3280
3280
3280
3280
3283
3300
3300
3312
3321
3339
3339
3339
3339
3348
3354
3360
3360
3360
3364
3364
3375
3375
3382
3382
3384
3384
3384
3392
3399
3400
3402
3402
3402
3403
3416
3416
3416
3420
3432
3444
3450
3456
3456
3456
3456
3456
3458
3465
3465
3468
3468
3468
3471
3472
3477
3477
3477
3478
3479
3479
3479
3479
3480
3486
3486
3488
3492
3498
3498
3510
3519
3520
3520
3526
3538
3538
3538
3538
3542
3552
3552
3560
3560
3564
3564
3567
3584
3591
3596
3600
3600
3600
3600
3612
3612
3612
3612
3612
3640
3648
3648
3654
3657
3658
3658
3663
3672
3672
3696
3696
3712
3712
3712
3712
3720
3721
3723
3726
3726
3737
3740
3740
3740
3741
3741
3744
3760
3760
3774
3776
3780
3780
3782
3782
3782
3800
3807
3822
3825
3835
3835
3848
3852
3864
3864
3864
3876
3885
3904
3904
3905
3915
3920
3920
3920
3952
3956
3960
3965
3965
3995
3999
4002
4020
4048
4056
4060
4070
4071
4080
4080
4085
4092
4095
4100
4104
4104
4104
4107
4120
4130
4134
4144
4158
4160
4160
4165
4180
4180
4187
4200
4212
4212
4216
4216
4216
4224
4230
4240
4263
4268
4270
4270
4278
4284
4290
4292
4320
4324
4340
4346
4346
4347
4352
4355
4355
4356
4356
4368
4402
4416
4437
4465
4466
4489
4500
4526
4526
4536
4543
4544
4554
4554
4556
4576
4576
4578
4599
4599
4599
4599
4600
4602
4602
4615
4620
4620
4641
4664
4669
4680
4680
4686
4692
4692
4698
4715
4745
4752
4752
4753
4753
4760
4760
4761
4761
4800
4800
4815
4816
4819
4824
4828
4830
4830
4840
4840
4859
4872
4884
4902
4947
4958
4968
4968
4980
4980
5015
5040
5060
5060
5060
5060
5074
5120
5124
5125
5130
5133
5135
5145
5148
5166
5184
5214
5214
5244
5265
5265
5278
5280
5280
5292
5300
5304
5313
5313
5328
5336
5355
5355
5412
5412
5412
5440
5440
5445
5450
5490
5494
5504
5504
5508
5520
5520
5544
5544
5644
5658
5676
5694
5698
5724
5751
5775
5775
5824
5846
5850
5865
5865
5928
5980
5980
5986
6030
6030
6048
6072
6076
6090
6144
6160
6160
6262
6279
6308
6318
6318
6324
6324
6348
6390
6417
6424
6461
6497
6497
6510
6512
6552
6570
6600
6624
6664
6695
6715
6720
6768
6800
6816
6885
6887
6972
7035
7104
7224
7254
7626
8160
8176
8262
8613
8742
9282
9600
9638
9666
10324
11094
11094
12056
13455
